Count: 1977
Mean: 250.7840161861406
Median: 247.0
Mode: 230.0
Variance: 20785.369132479238
Standard Deviation: 144.17131868884059
Elapsed Time: 0.001125 seconds
